2 0 62.4744
2 1 61.3652
2 2 61.2457
2 3 62.7986
2 4 63.7031
2 5 64.215
2 6 64.5051
2 7 64.8635
2 8 65.1536
2 9 65.0683
2 10 65.2219

3 0 62.2696
3 1 63.157
3 2 63.0205
3 3 63.7372
3 4 63.8225
3 5 64.4027
3 6 64.5051
3 7 65.4437
3 8 65.8021
3 9 65.1706
3 10 65.4778

4 0 67.5768
4 1 65.0171
4 2 67.372
4 3 70.273
4 4 70.7509
4 5 72.1161
4 6 72.9522
4 7 73.6178
4 8 73.6689
4 9 75.1024
4 10 74.7952

5 0 65.9727
5 1 67.2696
5 2 66.7577
5 3 73.1229
5 4 76.4335
5 5 78.3618
5 6 79.0614
5 7 79.5734
5 8 80.1706
5 9 80
5 10 80.1536

6 0 69.8123
6 1 67.628
6 2 71.57
6 3 75.7167
6 4 77.3208
6 5 79.0444
6 6 79.8635
6 7 81.3993
6 8 82.099
6 9 81.7065
6 10 82.3379

7 0 69.0102
7 1 68.6177
7 2 72.7986
7 3 74.7611
7 4 75.3413
7 5 76.041
7 6 76.8089
7 7 78.9932
7 8 78.8396
7 9 79.0785
7 10 79.4027

8 0 73.2252
8 1 70.6485
8 2 74.1979
8 3 75.8703
8 4 76.7577
8 5 77.901
8 6 79.3003
8 7 79.7099
8 8 80.0341
8 9 80.9727
8 10 80.8703

9 0 71.8942
9 1 69.6587
9 2 74.3004
9 3 78.3447
9 4 80.1536
9 5 82.2184
9 6 82.4744
9 7 83.7713
9 8 84.5563
9 9 84.1126
9 10 84.8805

10 0 72.7816
10 1 70.1365
10 2 74.6075
10 3 77.645
10 4 77.9181
10 5 79.9829
10 6 81.0409
10 7 81.7747
10 8 82.3891
10 9 82.5427
10 10 82.9522

11 0 73.0887
11 1 69.9829
11 2 74.3515
11 3 78.0205
11 4 79.4539
11 5 80.3754
11 6 82.7304
11 7 84.3174
11 8 85.0171
11 9 85.8191
11 10 85.785

12 0 73.5153
12 1 70.2389
12 2 78.157
12 3 80.6996
12 4 81.843
12 5 82.1331
12 6 83.7884
12 7 82.3549
12 8 83.6348
12 9 83.2765
12 10 84.2833

14 0 75.3925
14 1 69.8123
14 2 76.7918
14 3 79.7782
14 4 81.7236
14 5 83.3959
14 6 84.0273
14 7 85.0853
14 8 85.6997
14 9 86.5188
14 10 86.5529

15 0 74.0443
15 1 69.8464
15 2 75.5973
15 3 79.9317
15 4 81.9454
15 5 82.9863
15 6 83.6519
15 7 84.4198
15 8 84.7611
15 9 85.8532
15 10 85.6996

17 0 72.9693
17 1 70.9898
17 2 76.1092
17 3 80.1024
17 4 81.2799
17 5 82.884
17 6 83.3959
17 7 84.1809
17 8 84.5734
17 9 85.2048
17 10 85.5802

19 0 74.9659
19 1 69.6075
19 2 77.884
19 3 81.6041
19 4 83.2594
19 5 85.2389
19 6 85.3925
19 7 86.57
19 8 86.8942
19 9 87.0819
19 10 87.3379

21 0 71.1946
21 1 70.1024
21 2 73.8567
21 3 78.3618
21 4 79.8294
21 5 81.1945
21 6 82.2867
21 7 83.3277
21 8 84.3174
21 9 85.273
21 10 85.2901

24 0 74.6416
24 1 68.4812
24 2 75.7509
24 3 78.2594
24 4 79.9317
24 5 82.2355
24 6 82.7816
24 7 84.7782
24 8 84.9146
24 9 86.3311
24 10 86.6724

27 0 73.8396
27 1 68.959
27 2 76.1775
27 3 78.9249
27 4 81.1263
27 5 82.2184
27 6 83.3277
27 7 84.0614
27 8 84.4539
27 9 84.6758
27 10 84.9659

30 0 71.8259
30 1 69.8464
30 2 75.0512
30 3 79.6075
30 4 81.8942
30 5 83.43
30 6 85.0683
30 7 85.4266
30 8 86.2969
30 9 86.9966
30 10 86.8089

33 0 73.0717
33 1 69.3345
33 2 75.3925
33 3 79.3345
33 4 81.1263
33 5 83.2253
33 6 84.1467
33 7 85.6484
33 8 84.9317
33 9 85.4949
33 10 85.5802

37 0 72.4061
37 1 69.5051
37 2 75.9215
37 3 78.5836
37 4 81.2287
37 5 82.5597
37 6 83.5495
37 7 84.1809
37 8 84.9829
37 9 85.273
37 10 85.7167

41 0 72.6621
41 1 68.5153
41 2 75.3413
41 3 79.198
41 4 82.2867
41 5 83.4301
41 6 84.8123
41 7 85.785
41 8 86.1945
41 9 87.0478
41 10 87.3038

45 0 74.3515
45 1 69.6075
45 2 77.5427
45 3 80.529
45 4 82.8328
45 5 84.6075
45 6 84.6928
45 7 86.1433
45 8 86.6724
45 9 87.2867
45 10 87.4403

50 0 72.628
50 1 68.8225
50 2 76.041
50 3 80.1877
50 4 82.0478
50 5 83.4471
50 6 84.5051
50 7 85.4437
50 8 86.1433
50 9 86.041
50 10 86.8771

56 0 72.8328
56 1 68.6177
56 2 76.2457
56 3 80.2389
56 4 81.8771
56 5 83.43
56 6 85.2389
56 7 86.1946
56 8 86.57
56 9 86.7918
56 10 87.0478

62 0 72.3891
62 1 70.1024
62 2 76.2799
62 3 80.3072
62 4 82.8157
62 5 83.686
62 6 84.6758
62 7 85.5461
62 8 85.9556
62 9 86.5017
62 10 86.2628

69 0 70.7167
69 1 68.6689
69 2 76.314
69 3 79.5904
69 4 82.2867
69 5 84.2662
69 6 84.6416
69 7 85.4778
69 8 85.8703
69 9 86.2628
69 10 86.4164

77 0 71.826
77 1 68.3618
77 2 75.9556
77 3 79.6416
77 4 83.0034
77 5 85.0512
77 6 85.8874
77 7 86.2969
77 8 87.1843
77 9 86.9625
77 10 87.2867

86 0 71.7406
86 1 68.4642
86 2 74.2833
86 3 78.7884
86 4 82.2526
86 5 83.7713
86 6 85.1706
86 7 85.6997
86 8 86.0068
86 9 86.3822
86 10 86.4335

95 0 71.2969
95 1 68.8908
95 2 75.5631
95 3 80.017
95 4 82.9352
95 5 84.4198
95 6 85.4095
95 7 85.9727
95 8 86.041
95 9 87.0137
95 10 87.0819

106 0 70.6655
106 1 68.2423
106 2 75.6485
106 3 78.8396
106 4 82.9522
106 5 84.3857
106 6 84.8293
106 7 85.6655
106 8 86.5188
106 9 86.6723
106 10 86.9113

118 0 71.2969
118 1 68.6007
118 2 74.9659
118 3 79.6416
118 4 83.9761
118 5 85.2048
118 6 85.6485
118 7 86.8089
118 8 86.6553
118 9 86.9625
118 10 87.2355

131 0 70.6655
131 1 67.901
131 2 73.9932
131 3 78.8737
131 4 83.43
131 5 84.0443
131 6 85.4607
131 7 86.5358
131 8 86.6212
131 9 87.1502
131 10 87.2355

145 0 69.9317
145 1 67.8157
145 2 74.8976
145 3 78.8737
145 4 83.157
145 5 84.727
145 6 85.5119
145 7 86.041
145 8 86.7577
145 9 87.1843
145 10 87.355

162 0 70.8874
162 1 66.9283
162 2 74.9829
162 3 79.8464
162 4 82.8498
162 5 85
162 6 85.4266
162 7 86.4847
162 8 86.7748
162 9 87.1672
162 10 87.6621

180 0 71.0922
180 1 67.5256
180 2 74.983
180 3 79.4881
180 4 82.9863
180 5 85.273
180 6 84.9829
180 7 86.0409
180 8 86.3993
180 9 87.2696
180 10 87.355

200 0 70.8191
200 1 67.099
200 2 75.5461
200 3 78.6689
200 4 83.3959
200 5 84.9659
200 6 86.587
200 7 86.6724
200 8 87.2184
200 9 87.628
200 10 88.0034

