2 0 3.1621
2 1 3.5256
2 2 3.1092
2 3 2.6826
2 4 2.4454
2 5 2.2696
2 6 2.2355
2 7 2.0392
2 8 1.9334
2 9 1.8618
2 10 2.0017

3 0 2.9386
3 1 2.913
3 2 1.7355
3 3 2.0597
3 4 2.2184
3 5 2.2218
3 6 2.0034
3 7 1.9215
3 8 2.0392
3 9 1.7713
3 10 1.7218

4 0 2.7406
4 1 3.1587
4 2 1.401
4 3 1.2918
4 4 1.3464
4 5 1.2082
4 6 1.3959
4 7 1.6041
4 8 1.3225
4 9 1.2082
4 10 1.2133

5 0 2.6877
5 1 2.2457
5 2 1.4795
5 3 1.2679
5 4 1.4352
5 5 1.1911
5 6 1.3686
5 7 1.3123
5 8 1.273
5 9 1.1758
5 10 1.4044

6 0 2.657
6 1 2.2679
6 2 1.1758
6 3 1.2287
6 4 1.1263
6 5 1.1468
6 6 1.1877
6 7 1.1877
6 8 1.1297
6 9 1.1451
6 10 1.0922

7 0 2.5427
7 1 2.3618
7 2 0.9829
7 3 1.215
7 4 1.0922
7 5 1.1399
7 6 1.3788
7 7 1.3686
7 8 1.1229
7 9 1.0324
7 10 1.0529

8 0 2.529
8 1 2.2901
8 2 1.1638
8 3 0.8157
8 4 0.7696
8 5 0.9829
8 6 1.0154
8 7 0.884
8 8 1.0324
8 9 0.9471
8 10 0.7133

9 0 2.2509
9 1 2.401
9 2 1.2526
9 3 1.0546
9 4 1.1911
9 5 1.2253
9 6 1.1877
9 7 0.8686
9 8 0.9676
9 9 0.9795
9 10 1.0256

10 0 2.4505
10 1 2.4744
10 2 1.4915
10 3 0.9488
10 4 1.0034
10 5 1.0666
10 6 1.0785
10 7 1.0717
10 8 1.0734
10 9 0.901
10 10 0.9539

11 0 2.1655
11 1 2.3515
11 2 0.7645
11 3 0.9249
11 4 0.814
11 5 0.8891
11 6 0.8038
11 7 0.901
11 8 0.8874
11 9 0.7747
11 10 0.8515

12 0 2.3362
12 1 2.3157
12 2 0.7662
12 3 0.8072
12 4 0.901
12 5 0.8601
12 6 0.9966
12 7 0.8362
12 8 0.7833
12 9 0.6997
12 10 0.6433

14 0 2.3294
14 1 2.3106
14 2 1.6246
14 3 0.8754
14 4 0.8498
14 5 0.7474
14 6 0.6314
14 7 0.8686
14 8 0.9147
14 9 0.744
14 10 0.698

15 0 1.9761
15 1 2.2372
15 2 0.9198
15 3 1.0819
15 4 1.0205
15 5 1.0444
15 6 0.8294
15 7 1.0171
15 8 0.8242
15 9 0.9488
15 10 0.8072

17 0 2.0102
17 1 2.2594
17 2 1.2372
17 3 0.8686
17 4 0.9539
17 5 0.9471
17 6 0.7986
17 7 0.7747
17 8 0.8294
17 9 0.8669
17 10 0.7235

19 0 1.8396
19 1 2.372
19 2 1.3532
19 3 0.8805
19 4 0.959
19 5 0.8942
19 6 0.9283
19 7 0.6758
19 8 0.8618
19 9 0.7645
19 10 0.6877

21 0 1.9164
21 1 2.4232
21 2 1.4488
21 3 0.8498
21 4 1.0392
21 5 1.0631
21 6 0.9232
21 7 0.843
21 8 0.9249
21 9 0.6911
21 10 0.8413

24 0 1.9846
24 1 2.4147
24 2 1.7457
24 3 0.9369
24 4 1.0205
24 5 0.8328
24 6 0.8669
24 7 0.7816
24 8 0.8345
24 9 0.7287
24 10 0.7765

27 0 1.9522
27 1 2.2543
27 2 1.1826
27 3 0.9078
27 4 0.9778
27 5 0.9061
27 6 0.7406
27 7 0.8089
27 8 0.8549
27 9 0.7082
27 10 0.7253

30 0 1.6553
30 1 2.384
30 2 1.0922
30 3 0.9369
30 4 0.8413
30 5 0.9608
30 6 0.7628
30 7 0.8993
30 8 0.5563
30 9 0.6058
30 10 0.4488

33 0 1.6826
33 1 2.4454
33 2 1.1416
33 3 0.9659
33 4 0.9676
33 5 0.942
33 6 0.8106
33 7 0.872
33 8 0.6263
33 9 0.7645
33 10 0.7679

37 0 1.7099
37 1 2.2304
37 2 0.8328
37 3 0.9761
37 4 0.9915
37 5 0.7577
37 6 0.9181
37 7 0.9915
37 8 0.6911
37 9 0.6177
37 10 0.6468

41 0 1.6928
41 1 2.2235
41 2 1.6058
41 3 0.9505
41 4 0.8396
41 5 0.6911
41 6 0.9078
41 7 0.8584
41 8 0.7321
41 9 0.6877
41 10 0.6536

45 0 1.6621
45 1 2.1536
45 2 0.9881
45 3 1.1229
45 4 0.8891
45 5 0.8908
45 6 0.8157
45 7 0.6792
45 8 0.7594
45 9 0.5785
45 10 0.4949

50 0 1.6246
50 1 2.2423
50 2 1.1655
50 3 1.0512
50 4 0.9829
50 5 0.9573
50 6 0.8055
50 7 0.843
50 8 0.7474
50 9 0.616
50 10 0.657

56 0 1.5597
56 1 2.256
56 2 1.3089
56 3 1.2594
56 4 1
56 5 0.7696
56 6 0.7304
56 7 0.7645
56 8 0.8038
56 9 0.6621
56 10 0.5887

62 0 1.0802
62 1 2.2372
62 2 1.4113
62 3 1.0939
62 4 0.872
62 5 1.07
62 6 0.8157
62 7 0.8038
62 8 0.7696
62 9 0.616
62 10 0.5137

69 0 1.0188
69 1 2.1348
69 2 1.2235
69 3 1.0154
69 4 1.0836
69 5 0.785
69 6 0.8976
69 7 0.7014
69 8 0.7645
69 9 0.6451
69 10 0.7867

77 0 0.9317
77 1 2.1655
77 2 1.4659
77 3 0.756
77 4 0.8191
77 5 0.872
77 6 0.6229
77 7 0.7594
77 8 0.9317
77 9 0.7099
77 10 0.6263

86 0 1.0427
86 1 2.1433
86 2 1.3703
86 3 0.8294
86 4 1.3328
86 5 0.6877
86 6 0.8191
86 7 0.8123
86 8 0.7662
86 9 0.7218
86 10 0.6553

95 0 0.9403
95 1 2.1997
95 2 0.6792
95 3 0.6587
95 4 1.1331
95 5 0.7235
95 6 0.7986
95 7 0.7645
95 8 0.7696
95 9 0.6075
95 10 0.7184

106 0 0.6502
106 1 2.1928
106 2 1.1348
106 3 1.2116
106 4 0.9693
106 5 0.6877
106 6 0.8276
106 7 0.8737
106 8 0.744
106 9 0.6519
106 10 0.6143

118 0 0.6809
118 1 2.1348
118 2 1.1143
118 3 0.7389
118 4 0.7696
118 5 1.07
118 6 0.8106
118 7 0.814
118 8 0.8447
118 9 0.5478
118 10 0.7782

131 0 0.7133
131 1 2.1689
131 2 1.3464
131 3 0.9778
131 4 1.0239
131 5 0.8754
131 6 0.8652
131 7 0.785
131 8 0.6536
131 9 0.6212
131 10 0.57

145 0 0.7713
145 1 2.3225
145 2 1.6092
145 3 1.3771
145 4 0.9949
145 5 1.0154
145 6 1.0785
145 7 0.8857
145 8 0.8754
145 9 0.7594
145 10 0.6758

162 0 0.6792
162 1 2.2491
162 2 1.4369
162 3 0.8669
162 4 1.0137
162 5 0.9078
162 6 1.0051
162 7 0.8925
162 8 0.7355
162 9 0.7867
162 10 0.843

180 0 0.5734
180 1 2.343
180 2 1.2713
180 3 1.1075
180 4 1.2884
180 5 1.0495
180 6 1.058
180 7 0.8294
180 8 0.7645
180 9 0.8072
180 10 0.7048

200 0 0.6962
200 1 2.4096
200 2 1.1911
200 3 0.7253
200 4 1.3874
200 5 1.1041
200 6 0.9983
200 7 0.9369
200 8 0.5956
200 9 0.8191
200 10 0.7543

